"asf1_6";200007.325552;1078.435715;259.158637;-0.000000;-0.000000;1.000000;0.000000;
"asf1_6";200001.433542;1077.302483;259.113038;-0.000000;-0.000000;1.000000;0.000000;
"asf1_6";200013.219351;1079.559566;259.245331;-0.000000;-0.000000;1.000000;0.000000;
"asf1_6";200019.114762;1080.674962;259.154787;-0.000000;-0.000000;1.000000;0.000000;
"asf1_6";200025.004976;1081.817434;258.797374;-0.000000;-0.000000;1.000000;0.000000;
"asf1_6";200036.752689;1084.263769;257.586476;-0.000000;-0.000000;1.000000;0.000000;
"asf1_6";200030.885994;1083.006289;258.236878;-0.000000;-0.000000;1.000000;0.000000;
"asf1_6";200048.450551;1086.939313;256.925975;-0.000000;-0.000000;1.000000;0.000000;
"asf1_6";200042.605207;1085.585826;257.116866;-0.000000;-0.000000;1.000000;0.000000;
"asf1_6";200054.294145;1088.300341;256.939082;-0.000000;-0.000000;1.000000;0.000000;
"asf1_6";200060.140108;1089.651154;257.106051;-0.000000;-0.000000;1.000000;0.000000;
"asf1_6";200065.991529;1090.978100;257.391934;-0.000000;-0.000000;1.000000;0.000000;
"asf1_6";200077.719262;1093.519284;258.234352;-0.000000;-0.000000;1.000000;0.000000;
"asf1_6";200071.850671;1092.270506;257.774060;-0.000000;-0.000000;1.000000;0.000000;
"asf1_6";200089.485886;1095.873871;259.021951;-0.000000;-0.000000;1.000000;0.000000;
"asf1_6";200083.598403;1094.717385;258.684159;-0.000000;-0.000000;1.000000;0.000000;
"asf1_6";200095.378761;1097.002572;259.271716;-0.000000;-0.000000;1.000000;0.000000;
"asf1_6";200107.177158;1099.192843;259.662354;-0.000000;-0.000000;1.000000;0.000000;
"asf1_6";200101.276107;1098.107684;259.483248;-0.000000;-0.000000;1.000000;0.000000;
"asf1_6";200118.987978;1101.315162;259.939067;-0.000000;-0.000000;1.000000;0.000000;
"asf1_6";200113.081299;1100.261065;259.813081;-0.000000;-0.000000;1.000000;0.000000;
"asf1_6";200124.896761;1102.357408;260.043617;-0.000000;-0.000000;1.000000;0.000000;
"asf1_6";200136.719104;1104.414620;260.196917;-0.000000;-0.000000;1.000000;0.000000;
"asf1_6";200130.807249;1103.389942;260.128776;-0.000000;-0.000000;1.000000;0.000000;
"asf1_6";200148.545775;1106.446818;260.289386;-0.000000;-0.000000;1.000000;0.000000;
"asf1_6";200142.632032;1105.433092;260.249977;-0.000000;-0.000000;1.000000;0.000000;
"asf1_6";200154.460098;1107.457155;260.316371;-0.000000;-0.000000;1.000000;0.000000;
"asf1_6";200166.289677;1109.472361;260.338116;-0.000000;-0.000000;1.000000;0.000000;
"asf1_6";200160.374793;1108.465311;260.332290;-0.000000;-0.000000;1.000000;0.000000;
"asf1_6";200178.119339;1111.487078;260.322746;-0.000000;-0.000000;1.000000;0.000000;
"asf1_6";200172.204577;1110.479314;260.334659;-0.000000;-0.000000;1.000000;0.000000;
"asf1_6";200189.947890;1113.508312;260.288335;-0.000000;-0.000000;1.000000;0.000000;
"asf1_6";200184.033820;1112.496491;260.303094;-0.000000;-0.000000;1.000000;0.000000;
"asf1_6";200195.861850;1114.520771;260.308544;-0.000000;-0.000000;1.000000;0.000000;
"asf1_6";200207.692102;1116.532017;260.387221;-0.000000;-0.000000;1.000000;0.000000;
"asf1_6";200201.776632;1115.528421;260.351474;-0.000000;-0.000000;1.000000;0.000000;
"asf1_6";200219.524639;1118.529784;260.441552;-0.000000;-0.000000;1.000000;0.000000;
"asf1_6";200213.608137;1117.532284;260.416743;-0.000000;-0.000000;1.000000;0.000000;
"asf1_6";200225.441537;1119.524928;260.462743;-0.000000;-0.000000;1.000000;0.000000;
"asf1_6";200237.276314;1121.509380;260.497475;-0.000000;-0.000000;1.000000;0.000000;
"asf1_6";200231.358775;1120.518051;260.481211;-0.000000;-0.000000;1.000000;0.000000;
"asf1_6";200249.112150;1123.487506;260.524721;-0.000000;-0.000000;1.000000;0.000000;
"asf1_6";200243.194115;1122.499144;260.511838;-0.000000;-0.000000;1.000000;0.000000;
"asf1_6";200255.030396;1124.474608;260.536343;-0.000000;-0.000000;1.000000;0.000000;
"asf1_6";200266.867439;1126.445495;260.556477;-0.000000;-0.000000;1.000000;0.000000;
"asf1_6";200260.948831;1125.460570;260.546880;-0.000000;-0.000000;1.000000;0.000000;
"asf1_6";200278.705114;1128.412586;260.573308;-0.000000;-0.000000;1.000000;0.000000;
"asf1_6";200272.786205;1127.429474;260.565254;-0.000000;-0.000000;1.000000;0.000000;
"asf1_6";200284.624156;1129.394900;260.580721;-0.000000;-0.000000;1.000000;0.000000;
"asf1_6";200296.462596;1131.357383;260.593876;-0.000000;-0.000000;1.000000;0.000000;
"asf1_6";200290.543320;1130.376481;260.587558;-0.000000;-0.000000;1.000000;0.000000;
"asf1_6";200308.301453;1133.317353;260.605117;-0.000000;-0.000000;1.000000;0.000000;
"asf1_6";200302.381977;1132.337658;260.599717;-0.000000;-0.000000;1.000000;0.000000;
"asf1_6";200314.221018;1134.296512;260.610104;-0.000000;-0.000000;1.000000;0.000000;
"asf1_6";200326.060386;1136.253387;260.618905;-0.000000;-0.000000;1.000000;0.000000;
"asf1_6";200320.140664;1135.275176;260.614696;-0.000000;-0.000000;1.000000;0.000000;
"asf1_6";200337.900029;1138.208600;260.626203;-0.000000;-0.000000;1.000000;0.000000;
"asf1_6";200331.980176;1137.231182;260.622737;-0.000000;-0.000000;1.000000;0.000000;
"asf1_6";200343.819937;1139.185679;260.629269;-0.000000;-0.000000;1.000000;0.000000;
"asf1_6";200349.739894;1140.162463;260.631914;-0.000000;-0.000000;1.000000;0.000000;
"asf1_6";200355.659893;1141.138996;260.634103;-0.000000;-0.000000;1.000000;0.000000;
"asf1_6";200367.499979;1143.091519;260.636767;-0.000000;-0.000000;1.000000;0.000000;
"asf1_6";200361.579925;1142.115328;260.635754;-0.000000;-0.000000;1.000000;0.000000;
"asf1_6";200379.340107;1145.043793;260.636048;-0.000000;-0.000000;1.000000;0.000000;
"asf1_6";200373.420046;1144.067642;260.636962;-0.000000;-0.000000;1.000000;0.000000;
"asf1_6";200385.260142;1146.020105;260.633503;-0.000000;-0.000000;1.000000;0.000000;
"asf1_6";200397.099975;1147.974168;260.618029;-0.000000;-0.000000;1.000000;0.000000;
"asf1_6";200391.180117;1146.996782;260.628305;-0.000000;-0.000000;1.000000;0.000000;
"asf1_6";200408.938666;1149.935131;260.587267;-0.000000;-0.000000;1.000000;0.000000;
"asf1_6";200403.019599;1148.952968;260.594909;-0.000000;-0.000000;1.000000;0.000000;
"asf1_6";200414.858028;1150.915510;260.531335;-0.000000;-0.000000;1.000000;0.000000;
"asf1_6";200426.687984;1152.928292;260.153120;-0.000000;-0.000000;1.000000;0.000000;
"asf1_6";200420.775162;1151.909227;260.344001;-0.000000;-0.000000;1.000000;0.000000;
"asf1_6";200438.507875;1154.999560;260.030400;-0.000000;-0.000000;1.000000;0.000000;
"asf1_6";200432.598369;1153.961414;260.060648;-0.000000;-0.000000;1.000000;0.000000;
"asf1_6";200444.417166;1156.038921;260.029394;-0.000000;-0.000000;1.000000;0.000000;
"asf1_6";200456.236559;1158.113036;260.078110;-0.000000;-0.000000;1.000000;0.000000;
"asf1_6";200450.326635;1157.077275;260.046845;-0.000000;-0.000000;1.000000;0.000000;
"asf1_6";200462.147157;1159.144940;260.121473;-0.000000;-0.000000;1.000000;0.000000;
"asf1_6";200468.058641;1160.171755;260.176966;-0.000000;-0.000000;1.000000;0.000000;
"asf1_6";200479.885141;1162.204936;260.327992;-0.000000;-0.000000;1.000000;0.000000;
"asf1_6";200473.971227;1161.192207;260.245215;-0.000000;-0.000000;1.000000;0.000000;
"asf1_6";200485.800650;1163.208300;260.428749;-0.000000;-0.000000;1.000000;0.000000;
"asf1_6";200497.637890;1165.177937;260.707652;-0.000000;-0.000000;1.000000;0.000000;
"asf1_6";200491.718089;1164.200223;260.552922;-0.000000;-0.000000;1.000000;0.000000;
"asf1_6";200509.486304;1167.079148;261.051027;-0.000000;-0.000000;1.000000;0.000000;
"asf1_6";200503.560598;1166.137884;260.883955;-0.000000;-0.000000;1.000000;0.000000;
"asf1_6";200515.414511;1168.004539;261.192840;-0.000000;-0.000000;1.000000;0.000000;
"asf1_6";200527.276828;1169.817069;261.412255;-0.000000;-0.000000;1.000000;0.000000;
"asf1_6";200521.344805;1168.916459;261.312550;-0.000000;-0.000000;1.000000;0.000000;
"asf1_6";200539.144816;1171.592109;261.557814;-0.000000;-0.000000;1.000000;0.000000;
"asf1_6";200533.210260;1170.708344;261.493594;-0.000000;-0.000000;1.000000;0.000000;
"asf1_6";200545.080233;1172.470080;261.605819;-0.000000;-0.000000;1.000000;0.000000;
"asf1_6";200556.952666;1174.215162;261.655257;-0.000000;-0.000000;1.000000;0.000000;
"asf1_6";200551.016261;1173.343899;261.638199;-0.000000;-0.000000;1.000000;0.000000;
"asf1_6";200568.825673;1175.956344;261.643214;-0.000000;-0.000000;1.000000;0.000000;
"asf1_6";200562.889214;1175.085446;261.657015;-0.000000;-0.000000;1.000000;0.000000;
"asf1_6";200574.761801;1176.829488;261.613300;-0.000000;-0.000000;1.000000;0.000000;
"asf1_6";200586.632037;1178.589446;261.501288;-0.000000;-0.000000;1.000000;0.000000;
"asf1_6";200580.697346;1177.706585;261.566400;-0.000000;-0.000000;1.000000;0.000000;
"asf1_6";200592.565573;1179.480030;261.416327;-0.000000;-0.000000;1.000000;0.000000;
"asf1_6";200598.497619;1180.380488;261.321798;-0.000000;-0.000000;1.000000;0.000000;
"asf1_6";200604.428184;1181.290646;261.244592;-0.000000;-0.000000;1.000000;0.000000;
"asf1_6";200616.286613;1183.128482;261.147833;-0.000000;-0.000000;1.000000;0.000000;
"asf1_6";200610.357782;1182.207087;261.190309;-0.000000;-0.000000;1.000000;0.000000;
"asf1_6";200628.142621;1184.981875;261.090870;-0.000000;-0.000000;1.000000;0.000000;
"asf1_6";200622.214846;1184.053714;261.115134;-0.000000;-0.000000;1.000000;0.000000;
"asf1_6";200639.997314;1186.843663;261.066104;-0.000000;-0.000000;1.000000;0.000000;
"asf1_6";200634.070068;1185.912128;261.074560;-0.000000;-0.000000;1.000000;0.000000;
"asf1_6";200645.924486;1187.775666;261.065990;-0.000000;-0.000000;1.000000;0.000000;
"asf1_6";200657.779208;1189.637266;261.096879;-0.000000;-0.000000;1.000000;0.000000;
"asf1_6";200651.851728;1188.707225;261.075470;-0.000000;-0.000000;1.000000;0.000000;
"asf1_6";200669.635845;1191.486625;261.197277;-0.000000;-0.000000;1.000000;0.000000;
"asf1_6";200663.707145;1190.564395;261.134626;-0.000000;-0.000000;1.000000;0.000000;
"asf1_6";200675.565794;1192.400788;261.303417;-0.000000;-0.000000;1.000000;0.000000;
"asf1_6";200687.431961;1194.187916;261.577011;-0.000000;-0.000000;1.000000;0.000000;
"asf1_6";200681.497869;1193.301046;261.435224;-0.000000;-0.000000;1.000000;0.000000;
"asf1_6";200699.308709;1195.903106;262.011698;-0.000000;-0.000000;1.000000;0.000000;
"asf1_6";200693.368417;1195.058803;261.782397;-0.000000;-0.000000;1.000000;0.000000;
"asf1_6";200705.251948;1196.726450;262.100085;-0.000000;-0.000000;1.000000;0.000000;
"asf1_6";200717.146331;1198.312820;263.876010;-0.000000;-0.000000;1.000000;0.000000;
"asf1_6";200711.194820;1197.552423;262.403222;-0.000000;-0.000000;1.000000;0.000000;
"asf1_6";200729.117506;1199.078869;267.725900;-0.000000;-0.000000;1.000000;0.000000;
"asf1_6";200723.122625;1198.832210;266.338447;-0.000000;-0.000000;1.000000;0.000000;
"asf1_6";200735.113103;1199.308369;267.869182;-0.000000;-0.000000;1.000000;0.000000;
"asf1_6";200747.104447;1199.763287;267.455659;-0.000000;-0.000000;1.000000;0.000000;
"asf1_6";200741.109189;1199.525043;267.827400;-0.000000;-0.000000;1.000000;0.000000;
"asf1_6";200759.082269;1200.477708;265.302322;-0.000000;-0.000000;1.000000;0.000000;
"asf1_6";200753.097168;1200.057744;266.586613;-0.000000;-0.000000;1.000000;0.000000;
"asf1_6";200765.055671;1201.040425;263.968483;-0.000000;-0.000000;1.000000;0.000000;
"asf1_6";200776.955227;1202.579724;261.337133;-0.000000;-0.000000;1.000000;0.000000;
"asf1_6";200771.014823;1201.738507;262.629265;-0.000000;-0.000000;1.000000;0.000000;
"asf1_6";200788.807889;1204.453143;261.474403;-0.000000;-0.000000;1.000000;0.000000;
"asf1_6";200782.876933;1203.545802;261.018199;-0.000000;-0.000000;1.000000;0.000000;
"asf1_6";200794.744234;1205.324802;261.686101;-0.000000;-0.000000;1.000000;0.000000;
"asf1_6";200806.619960;1207.047336;261.782638;-0.000000;-0.000000;1.000000;0.000000;
"asf1_6";200800.681774;1206.188297;261.746994;-0.000000;-0.000000;1.000000;0.000000;
"asf1_6";200818.497482;1208.757441;261.824929;-0.000000;-0.000000;1.000000;0.000000;
"asf1_6";200812.558569;1207.903443;261.806959;-0.000000;-0.000000;1.000000;0.000000;
"asf1_6";200824.436627;1209.609823;261.838932;-0.000000;-0.000000;1.000000;0.000000;
"asf1_6";200836.315438;1211.310957;261.859585;-0.000000;-0.000000;1.000000;0.000000;
"asf1_6";200830.375957;1210.460917;261.850226;-0.000000;-0.000000;1.000000;0.000000;
"asf1_6";200848.194760;1213.008510;261.874295;-0.000000;-0.000000;1.000000;0.000000;
"asf1_6";200842.255045;1212.160112;261.867502;-0.000000;-0.000000;1.000000;0.000000;
"asf1_6";200854.134569;1213.856256;261.880189;-0.000000;-0.000000;1.000000;0.000000;
"asf1_6";200866.014420;1215.550110;261.889872;-0.000000;-0.000000;1.000000;0.000000;
"asf1_6";200860.074459;1214.703433;261.885344;-0.000000;-0.000000;1.000000;0.000000;
"asf1_6";200877.894522;1217.242201;261.897301;-0.000000;-0.000000;1.000000;0.000000;
"asf1_6";200871.954444;1216.396348;261.893845;-0.000000;-0.000000;1.000000;0.000000;
"asf1_6";200889.774814;1218.932962;261.902681;-0.000000;-0.000000;1.000000;0.000000;
"asf1_6";200883.834648;1218.087722;261.900261;-0.000000;-0.000000;1.000000;0.000000;
"asf1_6";200895.715011;1219.777981;261.904432;-0.000000;-0.000000;1.000000;0.000000;
"asf1_6";200907.595449;1221.467715;261.904112;-0.000000;-0.000000;1.000000;0.000000;
"asf1_6";200901.655228;1220.622857;261.905212;-0.000000;-0.000000;1.000000;0.000000;
"asf1_6";200919.476688;1223.151785;262.013620;-0.000000;-0.000000;1.000000;0.000000;
"asf1_6";200913.535634;1222.312820;261.932525;-0.000000;-0.000000;1.000000;0.000000;
"asf1_6";200925.419241;1223.980071;262.053155;-0.000000;-0.000000;1.000000;0.000000;
"asf1_6";200937.299171;1225.672951;261.584781;-0.000000;-0.000000;1.000000;0.000000;
"asf1_6";200931.361446;1224.810837;261.890001;-0.000000;-0.000000;1.000000;0.000000;
"asf1_6";200949.155758;1227.521139;260.308683;-0.000000;-0.000000;1.000000;0.000000;
"asf1_6";200943.232186;1226.566977;261.140113;-0.000000;-0.000000;1.000000;0.000000;
"asf1_6";200955.060251;1228.586940;259.269583;-0.000000;-0.000000;1.000000;0.000000;
"asf1_6";200960.945322;1229.755284;258.311591;-0.000000;-0.000000;1.000000;0.000000;
"asf1_6";200966.810908;1231.017906;257.342809;-0.000000;-0.000000;1.000000;0.000000;
"asf1_6";200978.471589;1233.848838;255.451201;-0.000000;-0.000000;1.000000;0.000000;
"asf1_6";200972.653093;1232.384553;256.353977;-0.000000;-0.000000;1.000000;0.000000;
"asf1_6";200984.267885;1235.398899;254.874906;-0.000000;-0.000000;1.000000;0.000000;
"asf1_6";200995.843661;1238.561391;254.842184;-0.000000;-0.000000;1.000000;0.000000;
"asf1_6";200990.055826;1236.979949;254.719723;-0.000000;-0.000000;1.000000;0.000000;
"asf1_6";201007.448320;1241.615392;255.739630;-0.000000;-0.000000;1.000000;0.000000;
"asf1_6";201001.638297;1240.117681;255.255775;-0.000000;-0.000000;1.000000;0.000000;
"asf1_6";201019.096552;1244.499340;256.544117;-0.000000;-0.000000;1.000000;0.000000;
"asf1_6";201013.268422;1243.073597;256.093966;-0.000000;-0.000000;1.000000;0.000000;
"asf1_6";201024.938803;1245.865906;257.551479;-0.000000;-0.000000;1.000000;0.000000;
"asf1_6";201030.812954;1247.085767;258.268360;-0.000000;-0.000000;1.000000;0.000000;
"asf1_6";201038.197052;1248.307153;260.287581;-0.000000;-0.000000;1.000000;0.000000;
"asf1_6";201044.111054;1249.319371;260.287581;-0.000000;-0.000000;1.000000;0.000000;
"asf1_6";201055.939057;1251.343807;260.287581;-0.000000;-0.000000;1.000000;0.000000;
"asf1_6";201050.025055;1250.331589;260.287581;-0.000000;-0.000000;1.000000;0.000000;
"asf1_6";201067.767060;1253.368244;260.287581;-0.000000;-0.000000;1.000000;0.000000;
"asf1_6";201061.853059;1252.356025;260.287581;-0.000000;-0.000000;1.000000;0.000000;
"asf1_6";201079.595063;1255.392680;260.287581;-0.000000;-0.000000;1.000000;0.000000;
"asf1_6";201073.681062;1254.380462;260.287581;-0.000000;-0.000000;1.000000;0.000000;
"asf1_6";201085.509065;1256.404898;260.287581;-0.000000;-0.000000;1.000000;0.000000;
"asf1_6";201097.337068;1258.429334;260.287581;-0.000000;-0.000000;1.000000;0.000000;
"asf1_6";201091.423066;1257.417116;260.287581;-0.000000;-0.000000;1.000000;0.000000;
"asf1_6";201103.955551;1259.570401;259.675762;-0.000000;-0.000000;1.000000;0.000000;
"asf1_6";201109.858407;1260.645711;259.703567;-0.000000;-0.000000;1.000000;0.000000;
"asf1_6";201115.762303;1261.715292;259.760313;-0.000000;-0.000000;1.000000;0.000000;
"asf1_6";201127.573567;1263.835194;259.908505;-0.000000;-0.000000;1.000000;0.000000;
"asf1_6";201121.667277;1262.778908;259.824808;-0.000000;-0.000000;1.000000;0.000000;
"asf1_6";201139.392360;1265.912641;260.188776;-0.000000;-0.000000;1.000000;0.000000;
"asf1_6";201133.481622;1264.881554;260.030682;-0.000000;-0.000000;1.000000;0.000000;
"asf1_6";201145.306100;1266.926381;260.317201;-0.000000;-0.000000;1.000000;0.000000;
"asf1_6";201157.137632;1268.930079;260.432539;-0.000000;-0.000000;1.000000;0.000000;
"asf1_6";201151.221403;1267.930962;260.388025;-0.000000;-0.000000;1.000000;0.000000;
"asf1_6";201163.054490;1269.925467;260.463937;-0.000000;-0.000000;1.000000;0.000000;
"asf1_6";201168.971810;1270.918099;260.487959;-0.000000;-0.000000;1.000000;0.000000;
"asf1_6";201174.889500;1271.908525;260.507298;-0.000000;-0.000000;1.000000;0.000000;
"asf1_6";201186.725736;1273.884254;260.537401;-0.000000;-0.000000;1.000000;0.000000;
"asf1_6";201180.807489;1272.897162;260.523440;-0.000000;-0.000000;1.000000;0.000000;
"asf1_6";201198.562879;1275.854548;260.561112;-0.000000;-0.000000;1.000000;0.000000;
"asf1_6";201192.644207;1274.870007;260.549750;-0.000000;-0.000000;1.000000;0.000000;
"asf1_6";201204.481740;1276.837954;260.572043;-0.000000;-0.000000;1.000000;0.000000;
"asf1_6";201210.400787;1277.820236;260.577480;-0.000000;-0.000000;1.000000;0.000000;
"asf1_6";201222.097151;1279.756855;260.608200;-0.000000;-0.000000;1.000000;0.000000;
"asf1_6";201228.016724;1280.735963;260.608947;-0.000000;-0.000000;1.000000;0.000000;
"asf1_6";201239.855985;1282.693485;260.595014;-0.000000;-0.000000;1.000000;0.000000;
"asf1_6";201233.936323;1281.714917;260.611566;-0.000000;-0.000000;1.000000;0.000000;
"asf1_6";201245.775014;1283.675859;260.768443;-0.000000;-0.000000;1.000000;0.000000;
"asf1_6";201257.630256;1285.533822;261.248411;-0.000000;-0.000000;1.000000;0.000000;
"asf1_6";201251.700476;1284.618569;261.093009;-0.000000;-0.000000;1.000000;0.000000;
"asf1_6";201269.490703;1287.358592;261.188355;-0.000000;-0.000000;1.000000;0.000000;
"asf1_6";201263.560761;1286.444378;261.253430;-0.000000;-0.000000;1.000000;0.000000;
"asf1_6";201275.419123;1288.282618;261.055613;-0.000000;-0.000000;1.000000;0.000000;
"asf1_6";201281.344761;1289.224298;260.821020;-0.000000;-0.000000;1.000000;0.000000;
"asf1_6";201287.265405;1290.196837;260.453369;-0.000000;-0.000000;1.000000;0.000000;
"asf1_6";201299.086975;1292.258266;259.908895;-0.000000;-0.000000;1.000000;0.000000;
"asf1_6";201293.178465;1291.214483;260.108304;-0.000000;-0.000000;1.000000;0.000000;
"asf1_6";201304.992817;1293.317047;259.783256;-0.000000;-0.000000;1.000000;0.000000;
"asf1_6";201310.896694;1294.386733;259.730357;-0.000000;-0.000000;1.000000;0.000000;
"asf1_6";201327.387032;1297.410456;259.594112;-0.000000;-0.000000;1.000000;0.000000;
"asf1_6";201321.485715;1296.326734;259.594112;-0.000000;-0.000000;1.000000;0.000000;
"asf1_6";201339.189667;1299.577898;259.594112;-0.000000;-0.000000;1.000000;0.000000;
"asf1_6";201333.288350;1298.494177;259.594112;-0.000000;-0.000000;1.000000;0.000000;
"asf1_6";201345.090985;1300.661619;259.594112;-0.000000;-0.000000;1.000000;0.000000;
"asf1_6";201356.893620;1302.829062;259.594112;-0.000000;-0.000000;1.000000;0.000000;
"asf1_6";201350.992302;1301.745341;259.594112;-0.000000;-0.000000;1.000000;0.000000;
"asf1_6";201368.696255;1304.996505;259.594112;-0.000000;-0.000000;1.000000;0.000000;
"asf1_6";201362.794937;1303.912783;259.594112;-0.000000;-0.000000;1.000000;0.000000;
"asf1_6";201379.052661;1307.926487;246.755372;-0.000000;-0.000000;1.000000;0.000000;
"asf1_6";201380.484823;1307.237928;78.924377;-0.000000;-0.000000;1.000000;0.000000;
"asf1_6";201386.373070;1308.390554;78.948318;-0.000000;-0.000000;1.000000;0.000000;
"asf1_6";201389.987829;1312.861056;243.344660;-0.000000;-0.000000;1.000000;0.000000;
"asf1_6";201384.565546;1310.294397;245.712327;-0.000000;-0.000000;1.000000;0.000000;
"asf1_6";201392.262278;1309.538260;78.999521;-0.000000;-0.000000;1.000000;0.000000;
"asf1_6";201398.152575;1310.680360;79.061034;-0.000000;-0.000000;1.000000;0.000000;
"asf1_6";201395.286369;1315.675963;242.004413;-0.000000;-0.000000;1.000000;0.000000;
"asf1_6";201404.044234;1311.815418;79.141047;-0.000000;-0.000000;1.000000;0.000000;
"asf1_6";201409.937697;1312.941062;79.257834;-0.000000;-0.000000;1.000000;0.000000;
"asf1_6";201400.583394;1318.493771;242.737627;-0.000000;-0.000000;1.000000;0.000000;
"asf1_6";201405.952312;1321.172198;243.789278;-0.000000;-0.000000;1.000000;0.000000;
"asf1_6";201415.833932;1314.052092;79.462437;-0.000000;-0.000000;1.000000;0.000000;
"asf1_6";201416.771760;1326.362059;245.032001;-0.000000;-0.000000;1.000000;0.000000;
"asf1_6";201411.349279;1323.793745;244.373948;-0.000000;-0.000000;1.000000;0.000000;
"asf1_6";201421.735273;1315.135615;80.038640;-0.000000;-0.000000;1.000000;0.000000;
"asf1_6";201427.652461;1316.127802;81.882294;-0.000000;-0.000000;1.000000;0.000000;
"asf1_6";201422.227028;1328.858732;248.838947;-0.000000;-0.000000;1.000000;0.000000;
"asf1_6";201427.937142;1330.684390;254.334631;-0.000000;-0.000000;1.000000;0.000000;
"asf1_6";201433.608761;1316.829264;86.373690;-0.000000;-0.000000;1.000000;0.000000;
"asf1_6";201439.607801;1316.885380;89.368824;-0.000000;-0.000000;1.000000;0.000000;
"asf1_6";201439.615684;1333.441733;257.931370;-0.000000;-0.000000;1.000000;0.000000;
"asf1_6";201433.768822;1332.095269;256.715556;-0.000000;-0.000000;1.000000;0.000000;
"asf1_6";201445.607300;1316.961448;88.724341;-0.000000;-0.000000;1.000000;0.000000;
"asf1_6";201445.501554;1334.603837;260.632980;-0.000000;-0.000000;1.000000;0.000000;
"asf1_6";201451.604094;1317.152514;88.175091;-0.000000;-0.000000;1.000000;0.000000;
"asf1_6";201457.424961;1335.915813;265.006548;-0.000000;-0.000000;1.000000;0.000000;
"asf1_6";201451.447883;1335.393574;263.720658;-0.000000;-0.000000;1.000000;0.000000;
"asf1_6";201460.687827;1318.480818;68.284324;-0.000000;-0.000000;1.000000;0.000000;
"asf1_6";201466.251133;1320.696490;62.466093;-0.000000;-0.000000;1.000000;0.000000;
"asf1_6";201466.104627;1336.636214;263.953602;-0.000000;-0.000000;1.000000;0.000000;
"asf1_6";201471.256026;1323.990614;52.711839;-0.000000;-0.000000;1.000000;0.000000;
"asf1_6";201475.768426;1327.944287;52.052169;-0.000000;-0.000000;1.000000;0.000000;
"asf1_6";201478.046606;1337.809896;265.948601;-0.000000;-0.000000;1.000000;0.000000;
"asf1_6";201472.071216;1337.268213;264.386881;-0.000000;-0.000000;1.000000;0.000000;
"asf1_6";201484.037321;1338.115779;89.306972;-0.000000;-0.000000;1.000000;0.000000;
"asf1_6";201480.694592;1331.351699;60.000607;-0.000000;-0.000000;1.000000;0.000000;
"asf1_6";201486.113848;1333.916531;66.918570;-0.000000;-0.000000;1.000000;0.000000;
"asf1_6";201490.034489;1337.954873;-88.463100;-0.000000;-0.000000;1.000000;0.000000;
"asf1_6";201491.721220;1336.050554;69.164446;-0.000000;-0.000000;1.000000;0.000000;
"asf1_6";201506.143696;1337.702299;269.345776;-0.000000;-0.000000;1.000000;0.000000;
"asf1_6";201500.144075;1337.634922;269.356589;-0.000000;-0.000000;1.000000;0.000000;
"asf1_6";201518.142860;1337.843957;269.299476;-0.000000;-0.000000;1.000000;0.000000;
"asf1_6";201512.143292;1337.771940;269.323616;-0.000000;-0.000000;1.000000;0.000000;
"asf1_6";201524.142395;1337.918653;269.271256;-0.000000;-0.000000;1.000000;0.000000;
"asf1_6";201536.141328;1338.078593;269.190602;-0.000000;-0.000000;1.000000;0.000000;
"asf1_6";201530.141889;1337.996581;269.236320;-0.000000;-0.000000;1.000000;0.000000;
"asf1_6";201548.139924;1338.261899;269.013440;-0.000000;-0.000000;1.000000;0.000000;
"asf1_6";201542.140689;1338.166095;269.124743;-0.000000;-0.000000;1.000000;0.000000;
"asf1_6";201554.138897;1338.372709;268.727149;-0.000000;-0.000000;1.000000;0.000000;
"asf1_6";201566.128725;1338.824165;265.158374;-0.000000;-0.000000;1.000000;0.000000;
"asf1_6";201560.136825;1338.528460;267.843604;-0.000000;-0.000000;1.000000;0.000000;
"asf1_6";201572.083804;1339.540374;258.102666;-0.000000;-0.000000;1.000000;0.000000;
"asf1_6";201577.809866;1341.284094;245.436639;-0.000000;-0.000000;1.000000;0.000000;
"asf1_6";201587.030214;1348.755373;218.192992;-0.000000;-0.000000;1.000000;0.000000;
"asf1_6";201582.869410;1344.469027;230.979263;-0.000000;-0.000000;1.000000;0.000000;
"asf1_6";201593.612060;1358.784052;214.316210;-0.000000;-0.000000;1.000000;0.000000;
"asf1_6";201590.229679;1353.828679;213.276833;-0.000000;-0.000000;1.000000;0.000000;
"asf1_6";201597.660711;1365.206833;221.729770;-0.000000;-0.000000;1.000000;0.000000;
"asf1_6";201601.634323;1369.662055;221.729770;-0.000000;-0.000000;1.000000;0.000000;
"asf1_6";201606.740666;1373.046438;258.507348;-0.000000;-0.000000;1.000000;0.000000;
"asf1_6";201612.620368;1374.241891;258.507348;-0.000000;-0.000000;1.000000;0.000000;
"asf1_6";201626.390321;1377.161810;257.671502;-0.000000;-0.000000;1.000000;0.000000;
"asf1_6";201620.528684;1375.880712;257.671502;-0.000000;-0.000000;1.000000;0.000000;
"asf1_6";201638.113595;1379.724006;257.671502;-0.000000;-0.000000;1.000000;0.000000;
"asf1_6";201632.251958;1378.442908;257.671502;-0.000000;-0.000000;1.000000;0.000000;
"asf1_6";201649.836869;1382.286202;257.671502;-0.000000;-0.000000;1.000000;0.000000;
"asf1_6";201643.975232;1381.005104;257.671502;-0.000000;-0.000000;1.000000;0.000000;
"asf1_6";201655.698506;1383.567300;257.671502;-0.000000;-0.000000;1.000000;0.000000;
"asf1_6";201667.421780;1386.129496;257.671502;-0.000000;-0.000000;1.000000;0.000000;
"asf1_6";201661.560143;1384.848398;257.671502;-0.000000;-0.000000;1.000000;0.000000;
"asf1_6";201674.992127;1387.811553;256.794121;-0.000000;-0.000000;1.000000;0.000000;
"asf1_6";201680.833460;1389.182258;256.794121;-0.000000;-0.000000;1.000000;0.000000;
"asf1_6";201689.520448;1391.103587;259.014345;-0.000000;-0.000000;1.000000;0.000000;
"asf1_6";201695.410497;1392.246966;258.989295;-0.000000;-0.000000;1.000000;0.000000;
"asf1_6";201707.186995;1394.552179;258.792529;-0.000000;-0.000000;1.000000;0.000000;
"asf1_6";201701.299544;1393.395495;258.924573;-0.000000;-0.000000;1.000000;0.000000;
"asf1_6";201718.947757;1396.936088;258.285549;-0.000000;-0.000000;1.000000;0.000000;
"asf1_6";201713.070679;1395.727838;258.541382;-0.000000;-0.000000;1.000000;0.000000;
"asf1_6";201724.820714;1398.164244;258.206564;-0.000000;-0.000000;1.000000;0.000000;
"asf1_6";201730.694445;1399.388695;258.164355;-0.000000;-0.000000;1.000000;0.000000;
"asf1_6";201736.565581;1400.625501;258.019492;-0.000000;-0.000000;1.000000;0.000000;
"asf1_6";201748.299485;1403.138560;257.898700;-0.000000;-0.000000;1.000000;0.000000;
"asf1_6";201742.433045;1401.879638;257.911543;-0.000000;-0.000000;1.000000;0.000000;
"asf1_6";201754.166387;1404.395326;257.944527;-0.000000;-0.000000;1.000000;0.000000;
"asf1_6";201765.905870;1406.882154;258.185492;-0.000000;-0.000000;1.000000;0.000000;
"asf1_6";201760.034832;1405.644863;258.039589;-0.000000;-0.000000;1.000000;0.000000;
"asf1_6";201777.660568;1409.295897;258.699815;-0.000000;-0.000000;1.000000;0.000000;
"asf1_6";201771.780601;1408.101786;258.396026;-0.000000;-0.000000;1.000000;0.000000;
"asf1_6";201789.446069;1411.553649;259.698386;-0.000000;-0.000000;1.000000;0.000000;
"asf1_6";201783.547890;1410.453162;259.155217;-0.000000;-0.000000;1.000000;0.000000;
"asf1_6";201795.354271;1412.599088;260.209854;-0.000000;-0.000000;1.000000;0.000000;
"asf1_6";201807.196963;1414.534695;261.232161;-0.000000;-0.000000;1.000000;0.000000;
"asf1_6";201801.271170;1413.594105;260.717475;-0.000000;-0.000000;1.000000;0.000000;
"asf1_6";201819.070926;1416.268607;262.056561;-0.000000;-0.000000;1.000000;0.000000;
"asf1_6";201813.130786;1415.423254;261.692026;-0.000000;-0.000000;1.000000;0.000000;
"asf1_6";201825.015583;1417.081591;262.431485;-0.000000;-0.000000;1.000000;0.000000;
"asf1_6";201836.922159;1418.575273;263.206835;-0.000000;-0.000000;1.000000;0.000000;
"asf1_6";201830.966271;1417.849132;262.849589;-0.000000;-0.000000;1.000000;0.000000;
"asf1_6";201848.844831;1419.935024;263.729165;-0.000000;-0.000000;1.000000;0.000000;
"asf1_6";201842.881965;1419.268551;263.493672;-0.000000;-0.000000;1.000000;0.000000;
"asf1_6";201854.810138;1420.579288;263.924178;-0.000000;-0.000000;1.000000;0.000000;
"asf1_6";201866.746844;1421.809865;264.417735;-0.000000;-0.000000;1.000000;0.000000;
"asf1_6";201860.777404;1421.205155;264.114063;-0.000000;-0.000000;1.000000;0.000000;
"asf1_6";201878.697124;1422.900358;265.044802;-0.000000;-0.000000;1.000000;0.000000;
"asf1_6";201872.720399;1422.372444;264.786059;-0.000000;-0.000000;1.000000;0.000000;
"asf1_6";201884.675527;1423.408963;265.139253;-0.000000;-0.000000;1.000000;0.000000;
"asf1_6";201896.632024;1424.429812;265.143068;-0.000000;-0.000000;1.000000;0.000000;
"asf1_6";201890.653965;1423.917169;265.119908;-0.000000;-0.000000;1.000000;0.000000;
"asf1_6";201908.590274;1425.429911;265.273718;-0.000000;-0.000000;1.000000;0.000000;
"asf1_6";201902.610871;1424.933185;265.219329;-0.000000;-0.000000;1.000000;0.000000;
"asf1_6";201914.570066;1425.921932;265.267016;-0.000000;-0.000000;1.000000;0.000000;
"asf1_6";201926.528760;1426.915795;265.995334;-0.000000;-0.000000;1.000000;0.000000;
"asf1_6";201920.549343;1426.420057;265.249182;-0.000000;-0.000000;1.000000;0.000000;
"asf1_6";201938.514424;1427.485927;267.821863;-0.000000;-0.000000;1.000000;0.000000;
"asf1_6";201932.518774;1427.258023;267.276609;-0.000000;-0.000000;1.000000;0.000000;
"asf1_6";201944.510070;1427.714100;267.519485;-0.000000;-0.000000;1.000000;0.000000;
"asf1_6";201956.493418;1428.343496;266.683329;-0.000000;-0.000000;1.000000;0.000000;
"asf1_6";201950.502965;1428.005273;266.993443;-0.000000;-0.000000;1.000000;0.000000;
"asf1_6";201968.472201;1429.056754;266.642548;-0.000000;-0.000000;1.000000;0.000000;
"asf1_6";201962.482845;1428.699526;266.592435;-0.000000;-0.000000;1.000000;0.000000;
"asf1_6";201974.462240;1429.402306;266.817286;-0.000000;-0.000000;1.000000;0.000000;
"asf1_6";201980.453656;1429.722995;267.133114;-0.000000;-0.000000;1.000000;0.000000;
"asf1_6";201986.447127;1430.002490;267.522724;-0.000000;-0.000000;1.000000;0.000000;
"asf1_6";201998.438640;1430.452513;268.070996;-0.000000;-0.000000;1.000000;0.000000;
"asf1_6";201992.442350;1430.241669;267.850789;-0.000000;-0.000000;1.000000;0.000000;
"asf1_6";202004.435531;1430.645602;268.189668;-0.000000;-0.000000;1.000000;0.000000;
"asf1_6";202016.429639;1431.021551;268.120291;-0.000000;-0.000000;1.000000;0.000000;
"asf1_6";202010.432647;1430.831605;268.204682;-0.000000;-0.000000;1.000000;0.000000;
"asf1_6";202028.422572;1431.433263;268.011371;-0.000000;-0.000000;1.000000;0.000000;
"asf1_6";202022.426180;1431.225219;268.033833;-0.000000;-0.000000;1.000000;0.000000;
"asf1_6";202034.418953;1431.641633;268.009630;-0.000000;-0.000000;1.000000;0.000000;
"asf1_6";202046.411722;1432.058153;268.016614;-0.000000;-0.000000;1.000000;0.000000;
"asf1_6";202040.415332;1431.850041;268.010861;-0.000000;-0.000000;1.000000;0.000000;
"asf1_6";202058.404631;1432.470613;268.039577;-0.000000;-0.000000;1.000000;0.000000;
"asf1_6";202052.408143;1432.265358;268.030264;-0.000000;-0.000000;1.000000;0.000000;
"asf1_6";202069.921907;1432.741485;269.352735;-0.000000;-0.000000;1.000000;0.000000;
"asf1_6";202075.921524;1432.809265;269.400892;-0.000000;-0.000000;1.000000;0.000000;
"asf1_6";202087.921082;1432.911131;269.601364;-0.000000;-0.000000;1.000000;0.000000;
"asf1_6";202081.921245;1432.866960;269.513619;-0.000000;-0.000000;1.000000;0.000000;
"asf1_6";202099.920840;1432.987287;269.648223;-0.000000;-0.000000;1.000000;0.000000;
"asf1_6";202093.920953;1432.950449;269.636380;-0.000000;-0.000000;1.000000;0.000000;
"asf1_6";202107.697622;1433.048119;269.212208;-0.000000;-0.000000;1.000000;0.000000;
"asf1_6";202119.696599;1433.204463;269.372224;-0.000000;-0.000000;1.000000;0.000000;
"asf1_6";202113.697055;1433.130614;269.253489;-0.000000;-0.000000;1.000000;0.000000;
"asf1_6";202125.696320;1433.262092;269.511256;-0.000000;-0.000000;1.000000;0.000000;
"asf1_6";202137.696029;1433.345390;269.645629;-0.000000;-0.000000;1.000000;0.000000;
"asf1_6";202131.696153;1433.306824;269.602277;-0.000000;-0.000000;1.000000;0.000000;
"asf1_6";202149.695821;1433.415938;269.661363;-0.000000;-0.000000;1.000000;0.000000;
"asf1_6";202143.695923;1433.381043;269.663154;-0.000000;-0.000000;1.000000;0.000000;
"asf1_6";202155.695713;1433.451967;269.641182;-0.000000;-0.000000;1.000000;0.000000;
"asf1_6";202167.695448;1433.531727;269.610635;-0.000000;-0.000000;1.000000;0.000000;
"asf1_6";202161.695586;1433.491089;269.619169;-0.000000;-0.000000;1.000000;0.000000;
"asf1_6";202179.695168;1433.613706;269.607258;-0.000000;-0.000000;1.000000;0.000000;
"asf1_6";202173.695308;1433.572636;269.608576;-0.000000;-0.000000;1.000000;0.000000;
"asf1_6";202185.695027;1433.654891;269.606263;-0.000000;-0.000000;1.000000;0.000000;
"asf1_6";202191.694885;1433.696169;269.605821;-0.000000;-0.000000;1.000000;0.000000;
"asf1_6";202208.636986;1435.035026;260.706342;-0.000000;-0.000000;1.000000;0.000000;
"asf1_6";202202.702303;1434.157195;261.586080;-0.000000;-0.000000;1.000000;0.000000;
"asf1_6";202214.542529;1436.094770;259.166903;-0.000000;-0.000000;1.000000;0.000000;
"asf1_6";202226.117771;1439.143756;247.876530;-0.000000;-0.000000;1.000000;0.000000;
"asf1_6";202220.422041;1437.290201;255.240407;-0.000000;-0.000000;1.000000;0.000000;
"asf1_6";202236.600708;1444.945070;236.942232;-0.000000;-0.000000;1.000000;0.000000;
"asf1_6";202231.498506;1441.793804;241.039391;-0.000000;-0.000000;1.000000;0.000000;
"asf1_6";202241.550375;1448.336065;233.608330;-0.000000;-0.000000;1.000000;0.000000;
"asf1_6";202246.251104;1452.057607;229.075008;-0.000000;-0.000000;1.000000;0.000000;
"asf1_6";202250.604409;1456.186071;226.235291;-0.000000;-0.000000;1.000000;0.000000;
"asf1_6";202259.486392;1464.220889;236.114278;-0.000000;-0.000000;1.000000;0.000000;
"asf1_6";202254.916842;1460.357512;227.869439;-0.000000;-0.000000;1.000000;0.000000;
"asf1_6";202264.803900;1466.995880;244.062220;-0.000000;-0.000000;1.000000;0.000000;
"asf1_6";202270.271067;1469.466392;247.123737;-0.000000;-0.000000;1.000000;0.000000;
"asf1_6";202275.854259;1471.658378;250.717354;-0.000000;-0.000000;1.000000;0.000000;
"asf1_6";202287.431968;1474.770374;259.698462;-0.000000;-0.000000;1.000000;0.000000;
"asf1_6";202281.587358;1473.425407;254.955279;-0.000000;-0.000000;1.000000;0.000000;
"asf1_6";202299.330859;1476.319544;262.984079;-0.000000;-0.000000;1.000000;0.000000;
"asf1_6";202293.378093;1475.568376;262.582117;-0.000000;-0.000000;1.000000;0.000000;
"asf1_6";202305.288154;1477.034107;263.226574;-0.000000;-0.000000;1.000000;0.000000;
"asf1_6";202309.222835;1556.178020;167.334714;-0.000000;-0.000000;1.000000;0.000000;
"asf1_6";202307.907854;1562.032149;167.340090;-0.000000;-0.000000;1.000000;0.000000;
"asf1_6";202309.094123;1568.467281;257.378704;-0.000000;-0.000000;1.000000;0.000000;
"asf1_6";202311.247091;1477.734864;263.292958;-0.000000;-0.000000;1.000000;0.000000;
"asf1_6";202319.877622;1509.375969;165.553408;-0.000000;-0.000000;1.000000;0.000000;
"asf1_6";202318.495653;1515.214501;166.863721;-0.000000;-0.000000;1.000000;0.000000;
"asf1_6";202315.820299;1526.912456;167.220860;-0.000000;-0.000000;1.000000;0.000000;
"asf1_6";202317.150453;1521.061757;167.117852;-0.000000;-0.000000;1.000000;0.000000;
"asf1_6";202313.175139;1538.617289;167.291549;-0.000000;-0.000000;1.000000;0.000000;
"asf1_6";202314.496132;1532.764514;167.265709;-0.000000;-0.000000;1.000000;0.000000;
"asf1_6";202311.856251;1544.470539;167.309447;-0.000000;-0.000000;1.000000;0.000000;
"asf1_6";202310.538915;1550.324138;167.323192;-0.000000;-0.000000;1.000000;0.000000;
"asf1_6";202314.949100;1569.778308;257.940634;-0.000000;-0.000000;1.000000;0.000000;
"asf1_6";202323.200541;1478.706804;89.790627;-0.000000;-0.000000;1.000000;0.000000;
"asf1_6";202329.830729;1489.544297;121.315320;-0.000000;-0.000000;1.000000;0.000000;
"asf1_6";202323.421465;1486.836150;212.494665;-0.000000;-0.000000;1.000000;0.000000;
"asf1_6";202320.218744;1481.807852;212.494665;-0.000000;-0.000000;1.000000;0.000000;
"asf1_6";202323.188406;1497.842594;163.543068;-0.000000;-0.000000;1.000000;0.000000;
"asf1_6";202321.488641;1503.596786;163.983300;-0.000000;-0.000000;1.000000;0.000000;
"asf1_6";202326.726585;1572.075361;259.808351;-0.000000;-0.000000;1.000000;0.000000;
"asf1_6";202320.828535;1570.974219;258.963709;-0.000000;-0.000000;1.000000;0.000000;
"asf1_6";202330.840405;1478.473297;90.037898;-0.000000;-0.000000;1.000000;0.000000;
"asf1_6";202336.839801;1478.469328;87.625677;-0.000000;-0.000000;1.000000;0.000000;
"asf1_6";202334.956634;1486.425820;121.136625;-0.000000;-0.000000;1.000000;0.000000;
"asf1_6";202338.564399;1574.039356;261.344535;-0.000000;-0.000000;1.000000;0.000000;
"asf1_6";202332.638837;1573.097450;260.579944;-0.000000;-0.000000;1.000000;0.000000;
"asf1_6";202342.815573;1478.969715;85.213456;-0.000000;-0.000000;1.000000;0.000000;
"asf1_6";202340.101903;1483.339370;120.905067;-0.000000;-0.000000;1.000000;0.000000;
"asf1_6";202345.252861;1480.262419;120.852204;-0.000000;-0.000000;1.000000;0.000000;
"asf1_6";202344.501819;1574.903306;262.048928;-0.000000;-0.000000;1.000000;0.000000;
"asf1_6";202352.536410;1479.648159;88.545824;-0.000000;-0.000000;1.000000;0.000000;
"asf1_6";202358.534478;1479.800423;88.599209;-0.000000;-0.000000;1.000000;0.000000;
"asf1_6";202356.400529;1576.458555;262.839625;-0.000000;-0.000000;1.000000;0.000000;
"asf1_6";202350.448774;1575.699248;262.553234;-0.000000;-0.000000;1.000000;0.000000;
"asf1_6";202364.532817;1479.941510;88.679920;-0.000000;-0.000000;1.000000;0.000000;
"asf1_6";202368.311759;1577.915344;263.163231;-0.000000;-0.000000;1.000000;0.000000;
"asf1_6";202362.355158;1577.195009;263.027137;-0.000000;-0.000000;1.000000;0.000000;
"asf1_6";202370.531290;1480.076876;88.690496;-0.000000;-0.000000;1.000000;0.000000;
"asf1_6";202376.529682;1480.215748;88.629158;-0.000000;-0.000000;1.000000;0.000000;
"asf1_6";202374.269821;1578.623502;263.267933;-0.000000;-0.000000;1.000000;0.000000;
"asf1_6";202382.527851;1480.363957;88.510587;-0.000000;-0.000000;1.000000;0.000000;
"asf1_6";202388.525614;1480.527655;88.321111;-0.000000;-0.000000;1.000000;0.000000;
"asf1_6";202380.229016;1579.322063;263.351103;-0.000000;-0.000000;1.000000;0.000000;
"asf1_6";202386.189109;1580.012920;263.416441;-0.000000;-0.000000;1.000000;0.000000;
"asf1_6";202394.522666;1480.715531;88.048513;-0.000000;-0.000000;1.000000;0.000000;
"asf1_6";202398.111268;1581.377454;263.727055;-0.000000;-0.000000;1.000000;0.000000;
"asf1_6";202392.149883;1580.697888;263.470703;-0.000000;-0.000000;1.000000;0.000000;
"asf1_6";202400.518596;1480.936292;87.768489;-0.000000;-0.000000;1.000000;0.000000;
"asf1_6";202406.513528;1481.182778;87.564370;-0.000000;-0.000000;1.000000;0.000000;
"asf1_6";202404.077789;1582.009040;263.364392;-0.000000;-0.000000;1.000000;0.000000;
"asf1_6";202412.507739;1481.446255;87.438877;-0.000000;-0.000000;1.000000;0.000000;
"asf1_6";202418.501537;1481.718999;87.387852;-0.000000;-0.000000;1.000000;0.000000;
"asf1_6";202415.978109;1583.551904;262.397521;-0.000000;-0.000000;1.000000;0.000000;
"asf1_6";202410.030067;1582.764014;262.612872;-0.000000;-0.000000;1.000000;0.000000;
"asf1_6";202424.495270;1481.993152;87.418847;-0.000000;-0.000000;1.000000;0.000000;
"asf1_6";202427.870158;1585.157863;262.257251;-0.000000;-0.000000;1.000000;0.000000;
"asf1_6";202421.924576;1584.351604;262.309030;-0.000000;-0.000000;1.000000;0.000000;
"asf1_6";202430.489358;1482.259412;87.549123;-0.000000;-0.000000;1.000000;0.000000;
"asf1_6";202436.484273;1482.506305;87.698579;-0.000000;-0.000000;1.000000;0.000000;
"asf1_6";202439.759796;1586.781595;262.200969;-0.000000;-0.000000;1.000000;0.000000;
"asf1_6";202433.815171;1585.968311;262.223399;-0.000000;-0.000000;1.000000;0.000000;
"asf1_6";202442.479669;1482.741290;87.717030;-0.000000;-0.000000;1.000000;0.000000;
"asf1_6";202448.474742;1482.984323;87.490626;-0.000000;-0.000000;1.000000;0.000000;
"asf1_6";202445.704172;1587.596696;262.188007;-0.000000;-0.000000;1.000000;0.000000;
"asf1_6";202454.468065;1483.266680;86.918409;-0.000000;-0.000000;1.000000;0.000000;
"asf1_6";202457.592761;1589.228097;262.214313;-0.000000;-0.000000;1.000000;0.000000;
"asf1_6";202451.648429;1588.412670;262.186438;-0.000000;-0.000000;1.000000;0.000000;
"asf1_6";202460.457046;1483.629400;85.743242;-0.000000;-0.000000;1.000000;0.000000;
"asf1_6";202466.433355;1484.157268;83.915132;-0.000000;-0.000000;1.000000;0.000000;
"asf1_6";202463.537807;1590.038287;262.239552;-0.000000;-0.000000;1.000000;0.000000;
"asf1_6";202472.386606;1484.901115;81.053706;-0.000000;-0.000000;1.000000;0.000000;
"asf1_6";202478.279318;1486.022067;77.144807;-0.000000;-0.000000;1.000000;0.000000;
"asf1_6";202476.461079;1592.455304;255.671438;-0.000000;-0.000000;1.000000;0.000000;
"asf1_6";202470.618348;1591.091098;256.857586;-0.000000;-0.000000;1.000000;0.000000;
"asf1_6";202484.075095;1487.568524;73.505586;-0.000000;-0.000000;1.000000;0.000000;
"asf1_6";202489.779419;1489.427360;71.951052;-0.000000;-0.000000;1.000000;0.000000;
"asf1_6";202487.979419;1595.814406;253.555575;-0.000000;-0.000000;1.000000;0.000000;
"asf1_6";202482.241656;1594.059998;253.741743;-0.000000;-0.000000;1.000000;0.000000;
"asf1_6";202496.305090;1491.530267;71.368503;-0.000000;-0.000000;1.000000;0.000000;
"asf1_6";202499.538138;1599.037388;254.387604;-0.000000;-0.000000;1.000000;0.000000;
"asf1_6";202493.750076;1597.456810;254.419637;-0.000000;-0.000000;1.000000;0.000000;
"asf1_6";202501.990619;1493.447139;70.852561;-0.000000;-0.000000;1.000000;0.000000;
"asf1_6";202507.640527;1495.466026;69.239255;-0.000000;-0.000000;1.000000;0.000000;
"asf1_6";202505.307060;1600.686273;253.778761;-0.000000;-0.000000;1.000000;0.000000;
"asf1_6";202513.208932;1497.699782;67.419156;-0.000000;-0.000000;1.000000;0.000000;
"asf1_6";202518.719379;1500.073364;66.351753;-0.000000;-0.000000;1.000000;0.000000;
"asf1_6";202516.808512;1604.109161;253.303459;-0.000000;-0.000000;1.000000;0.000000;
"asf1_6";202511.060230;1602.389497;253.426740;-0.000000;-0.000000;1.000000;0.000000;
"asf1_6";202524.200943;1502.513101;65.642356;-0.000000;-0.000000;1.000000;0.000000;
"asf1_6";202529.650901;1505.022380;64.355770;-0.000000;-0.000000;1.000000;0.000000;
"asf1_6";202528.298506;1607.570376;253.189563;-0.000000;-0.000000;1.000000;0.000000;
"asf1_6";202522.554304;1605.837128;253.235737;-0.000000;-0.000000;1.000000;0.000000;
"asf1_6";202535.017024;1507.705563;62.006233;-0.000000;-0.000000;1.000000;0.000000;
"asf1_6";202534.041505;1609.307602;253.153603;-0.000000;-0.000000;1.000000;0.000000;
"asf1_6";202539.783527;1611.048059;253.137481;-0.000000;-0.000000;1.000000;0.000000;
"asf1_6";202540.242439;1510.652510;59.058371;-0.000000;-0.000000;1.000000;0.000000;
"asf1_6";202545.304544;1513.872686;56.757830;-0.000000;-0.000000;1.000000;0.000000;
"asf1_6";202550.277402;1517.229767;55.529555;-0.000000;-0.000000;1.000000;0.000000;
"asf1_6";202555.197167;1520.664187;54.751990;-0.000000;-0.000000;1.000000;0.000000;
"asf1_6";202556.085834;1615.873848;253.730965;-0.000000;-0.000000;1.000000;0.000000;
"asf1_6";202550.326093;1614.192960;253.730965;-0.000000;-0.000000;1.000000;0.000000;
"asf1_6";202560.077112;1524.155007;53.975822;-0.000000;-0.000000;1.000000;0.000000;
"asf1_6";202564.901886;1527.721335;53.097638;-0.000000;-0.000000;1.000000;0.000000;
"asf1_6";202569.672429;1531.359994;53.239222;-0.000000;-0.000000;1.000000;0.000000;
"asf1_6";202567.605316;1619.235623;253.730965;-0.000000;-0.000000;1.000000;0.000000;
"asf1_6";202561.845575;1617.554736;253.730965;-0.000000;-0.000000;1.000000;0.000000;
"asf1_6";202574.514948;1534.902564;53.901710;-0.000000;-0.000000;1.000000;0.000000;
"asf1_6";202579.368493;1538.430042;53.940739;-0.000000;-0.000000;1.000000;0.000000;
"asf1_6";202579.568169;1622.572086;-85.426024;-0.000000;-0.000000;1.000000;0.000000;
"asf1_6";202573.365057;1620.916511;253.730965;-0.000000;-0.000000;1.000000;0.000000;
"asf1_6";202584.215846;1541.966020;53.759527;-0.000000;-0.000000;1.000000;0.000000;
"asf1_6";202589.046973;1545.524123;53.404857;-0.000000;-0.000000;1.000000;0.000000;
"asf1_6";202585.548515;1622.093653;-81.714040;-0.000000;-0.000000;1.000000;0.000000;
"asf1_6";202584.870658;1624.194864;179.540649;-0.000000;-0.000000;1.000000;0.000000;
"asf1_6";202593.850159;1549.119826;52.796480;-0.000000;-0.000000;1.000000;0.000000;
"asf1_6";202598.604583;1552.779669;51.593872;-0.000000;-0.000000;1.000000;0.000000;
"asf1_6";202596.163806;1617.315806;-53.450350;-0.000000;-0.000000;1.000000;0.000000;
"asf1_6";202591.394570;1620.851255;-65.726203;-0.000000;-0.000000;1.000000;0.000000;
"asf1_6";202591.536848;1626.047831;179.540140;-0.000000;-0.000000;1.000000;0.000000;
"asf1_6";202603.252265;1556.573473;47.102316;-0.000000;-0.000000;1.000000;0.000000;
"asf1_6";202607.362436;1560.915503;35.492337;-0.000000;-0.000000;1.000000;0.000000;
"asf1_6";202608.068471;1590.741128;-22.031020;-0.000000;-0.000000;1.000000;0.000000;
"asf1_6";202605.772941;1596.284631;-22.432713;-0.000000;-0.000000;1.000000;0.000000;
"asf1_6";202603.489314;1601.833016;-21.367303;-0.000000;-0.000000;1.000000;0.000000;
"asf1_6";202601.401802;1607.457183;-20.363324;-0.000000;-0.000000;1.000000;0.000000;
"asf1_6";202600.333070;1618.474729;18.914127;-0.000000;-0.000000;1.000000;0.000000;
"asf1_6";202602.499698;1629.279933;179.539251;-0.000000;-0.000000;1.000000;0.000000;
"asf1_6";202602.258068;1624.092668;29.431664;-0.000000;-0.000000;1.000000;0.000000;
"asf1_6";202606.109916;1628.691395;39.949201;-0.000000;-0.000000;1.000000;0.000000;
"asf1_6";202608.471524;1631.154053;252.794614;-0.000000;-0.000000;1.000000;0.000000;
"asf1_6";202610.136396;1566.231535;27.556015;-0.000000;-0.000000;1.000000;0.000000;
"asf1_6";202612.258878;1573.452659;-2.289041;-0.000000;-0.000000;1.000000;0.000000;
"asf1_6";202612.019962;1579.429668;-9.615137;-0.000000;-0.000000;1.000000;0.000000;
"asf1_6";202610.274010;1585.161439;-19.254565;-0.000000;-0.000000;1.000000;0.000000;
"asf1_6";202619.932540;1634.710042;252.664845;-0.000000;-0.000000;1.000000;0.000000;
"asf1_6";202614.203027;1632.928840;252.762545;-0.000000;-0.000000;1.000000;0.000000;
"asf1_6";202625.657954;1636.504364;251.690087;-0.000000;-0.000000;1.000000;0.000000;
"asf1_6";202631.321740;1638.478814;250.026038;-0.000000;-0.000000;1.000000;0.000000;
"asf1_6";202636.933334;1640.602492;249.179508;-0.000000;-0.000000;1.000000;0.000000;
"asf1_6";202648.132648;1644.912279;248.608995;-0.000000;-0.000000;1.000000;0.000000;
"asf1_6";202642.538105;1642.744102;248.951978;-0.000000;-0.000000;1.000000;0.000000;
"asf1_6";202659.271024;1649.376937;247.786121;-0.000000;-0.000000;1.000000;0.000000;
"asf1_6";202653.711360;1647.120829;248.157329;-0.000000;-0.000000;1.000000;0.000000;
"asf1_6";202664.820670;1651.657594;247.593821;-0.000000;-0.000000;1.000000;0.000000;
"asf1_6";202675.906596;1656.251304;247.440778;-0.000000;-0.000000;1.000000;0.000000;
"asf1_6";202670.365073;1653.950973;247.492200;-0.000000;-0.000000;1.000000;0.000000;
"asf1_6";202681.446874;1658.554631;247.427221;-0.000000;-0.000000;1.000000;0.000000;
"asf1_6";202686.987308;1660.857584;247.450524;-0.000000;-0.000000;1.000000;0.000000;
"asf1_6";202698.075569;1665.445647;247.677692;-0.000000;-0.000000;1.000000;0.000000;
"asf1_6";202692.529458;1663.156404;247.521370;-0.000000;-0.000000;1.000000;0.000000;
"asf1_6";202709.209103;1669.921955;248.409665;-0.000000;-0.000000;1.000000;0.000000;
"asf1_6";202703.630173;1667.714189;248.097099;-0.000000;-0.000000;1.000000;0.000000;
"asf1_6";202719.260620;1673.676714;247.957901;-0.000000;-0.000000;1.000000;0.000000;
"asf1_6";202724.822070;1675.928441;247.957901;-0.000000;-0.000000;1.000000;0.000000;
"asf1_6";202730.383520;1678.180167;247.957901;-0.000000;-0.000000;1.000000;0.000000;
"asf1_6";202735.944971;1680.431893;247.957901;-0.000000;-0.000000;1.000000;0.000000;
"asf1_6";202747.067871;1684.935346;247.957901;-0.000000;-0.000000;1.000000;0.000000;
"asf1_6";202741.506421;1682.683620;247.957901;-0.000000;-0.000000;1.000000;0.000000;
"asf1_6";202758.190771;1689.438799;247.957901;-0.000000;-0.000000;1.000000;0.000000;
"asf1_6";202752.629321;1687.187073;247.957901;-0.000000;-0.000000;1.000000;0.000000;
"asf1_6";202769.706885;1694.102477;247.830329;-0.000000;-0.000000;1.000000;0.000000;
"asf1_6";202763.752221;1691.690526;247.957901;-0.000000;-0.000000;1.000000;0.000000;
"asf1_6";202775.263307;1696.366581;247.830329;-0.000000;-0.000000;1.000000;0.000000;
"asf1_6";202780.819730;1698.630685;247.830329;-0.000000;-0.000000;1.000000;0.000000;
"asf1_6";202786.376153;1700.894788;247.830329;-0.000000;-0.000000;1.000000;0.000000;
"asf1_6";202797.488999;1705.422996;247.830329;-0.000000;-0.000000;1.000000;0.000000;
"asf1_6";202791.932576;1703.158892;247.830329;-0.000000;-0.000000;1.000000;0.000000;
"asf1_6";202803.045421;1707.687100;247.830329;-0.000000;-0.000000;1.000000;0.000000;
"asf1_6";202816.285152;1713.075335;247.865421;-0.000000;-0.000000;1.000000;0.000000;
"asf1_6";202810.727142;1710.815130;247.870531;-0.000000;-0.000000;1.000000;0.000000;
"asf1_6";202827.399891;1717.598894;247.840256;-0.000000;-0.000000;1.000000;0.000000;
"asf1_6";202821.842759;1715.336531;247.854293;-0.000000;-0.000000;1.000000;0.000000;
"asf1_6";202832.956389;1719.862813;247.819320;-0.000000;-0.000000;1.000000;0.000000;
"asf1_6";202838.511866;1722.129237;247.782349;-0.000000;-0.000000;1.000000;0.000000;
"asf1_6";202849.617336;1726.675500;247.704334;-0.000000;-0.000000;1.000000;0.000000;
"asf1_6";202844.065437;1724.400324;247.737203;-0.000000;-0.000000;1.000000;0.000000;
"asf1_6";202855.168298;1728.952958;247.687138;-0.000000;-0.000000;1.000000;0.000000;
"asf1_6";202866.269324;1733.510066;247.684654;-0.000000;-0.000000;1.000000;0.000000;
"asf1_6";202860.718830;1731.231466;247.681247;-0.000000;-0.000000;1.000000;0.000000;
"asf1_6";202877.371595;1738.064138;247.718567;-0.000000;-0.000000;1.000000;0.000000;
"asf1_6";202871.820126;1735.787914;247.696911;-0.000000;-0.000000;1.000000;0.000000;
"asf1_6";202888.478189;1742.607655;247.799094;-0.000000;-0.000000;1.000000;0.000000;
"asf1_6";202882.924117;1740.337789;247.751376;-0.000000;-0.000000;1.000000;0.000000;
"asf1_6";202899.592134;1747.133160;247.862869;-0.000000;-0.000000;1.000000;0.000000;
"asf1_6";202894.034491;1744.872054;247.844261;-0.000000;-0.000000;1.000000;0.000000;
"asf1_6";202905.149906;1749.393949;247.878015;-0.000000;-0.000000;1.000000;0.000000;
"asf1_6";202916.269692;1753.905083;247.984414;-0.000000;-0.000000;1.000000;0.000000;
"asf1_6";202910.708744;1751.652117;247.918328;-0.000000;-0.000000;1.000000;0.000000;
"asf1_6";202927.401566;1758.386293;248.174741;-0.000000;-0.000000;1.000000;0.000000;
"asf1_6";202921.833724;1756.150421;248.072422;-0.000000;-0.000000;1.000000;0.000000;
"asf1_6";202938.550394;1762.825142;248.427050;-0.000000;-0.000000;1.000000;0.000000;
"asf1_6";202932.973581;1760.611744;248.290276;-0.000000;-0.000000;1.000000;0.000000;
"asf1_6";202949.719794;1767.211978;248.650354;-0.000000;-0.000000;1.000000;0.000000;
"asf1_6";202944.132971;1765.023965;248.557342;-0.000000;-0.000000;1.000000;0.000000;
"asf1_6";202955.309481;1769.392665;248.710356;-0.000000;-0.000000;1.000000;0.000000;
"asf1_6";202966.492947;1773.743537;248.746685;-0.000000;-0.000000;1.000000;0.000000;
"asf1_6";202960.900875;1771.568972;248.741724;-0.000000;-0.000000;1.000000;0.000000;
"asf1_6";202977.675191;1778.097545;248.677276;-0.000000;-0.000000;1.000000;0.000000;
"asf1_6";202972.084718;1775.918875;248.725650;-0.000000;-0.000000;1.000000;0.000000;
"asf1_6";202988.847724;1782.476402;248.492671;-0.000000;-0.000000;1.000000;0.000000;
"asf1_6";202983.263281;1780.282323;248.598269;-0.000000;-0.000000;1.000000;0.000000;
"asf1_6";202994.427722;1784.681763;248.390733;-0.000000;-0.000000;1.000000;0.000000;
"asf1_6";203005.578519;1789.115684;248.264866;-0.000000;-0.000000;1.000000;0.000000;
"asf1_6";203000.004323;1786.895700;248.315615;-0.000000;-0.000000;1.000000;0.000000;
"asf1_6";203016.723197;1793.564970;248.231633;-0.000000;-0.000000;1.000000;0.000000;
"asf1_6";203011.151190;1791.339497;248.236654;-0.000000;-0.000000;1.000000;0.000000;
"asf1_6";203027.869137;1798.011092;248.306977;-0.000000;-0.000000;1.000000;0.000000;
"asf1_6";203022.295478;1795.789759;248.252910;-0.000000;-0.000000;1.000000;0.000000;
"asf1_6";203039.026913;1802.427403;248.542213;-0.000000;-0.000000;1.000000;0.000000;
"asf1_6";203033.445606;1800.225361;248.406059;-0.000000;-0.000000;1.000000;0.000000;
"asf1_6";203044.613842;1804.615144;248.667716;-0.000000;-0.000000;1.000000;0.000000;
"asf1_6";203055.796739;1808.967476;248.709482;-0.000000;-0.000000;1.000000;0.000000;
"asf1_6";203050.204743;1806.792715;248.734242;-0.000000;-0.000000;1.000000;0.000000;
"asf1_6";203066.955058;1813.381878;247.917121;-0.000000;-0.000000;1.000000;0.000000;
"asf1_6";203061.385755;1811.149877;248.415487;-0.000000;-0.000000;1.000000;0.000000;
"asf1_6";203078.103412;1817.819021;250.101877;-0.000000;-0.000000;1.000000;0.000000;
"asf1_6";203072.505254;1815.661168;248.297026;-0.000000;-0.000000;1.000000;0.000000;
"asf1_6";203083.785733;1819.744227;252.122458;-0.000000;-0.000000;1.000000;0.000000;
"asf1_6";203089.522279;1821.502268;253.361449;-0.000000;-0.000000;1.000000;0.000000;
"asf1_6";203095.282894;1823.180104;253.804965;-0.000000;-0.000000;1.000000;0.000000;
"asf1_6";203106.802119;1826.542641;253.736490;-0.000000;-0.000000;1.000000;0.000000;
"asf1_6";203101.046069;1824.849156;253.727131;-0.000000;-0.000000;1.000000;0.000000;
"asf1_6";203118.350329;1829.803150;255.048158;-0.000000;-0.000000;1.000000;0.000000;
"asf1_6";203112.565823;1828.209805;254.233562;-0.000000;-0.000000;1.000000;0.000000;
"asf1_6";203129.985984;1832.736416;256.424964;-0.000000;-0.000000;1.000000;0.000000;
"asf1_6";203124.159067;1831.305764;255.850950;-0.000000;-0.000000;1.000000;0.000000;
"asf1_6";203135.823710;1834.122359;256.787179;-0.000000;-0.000000;1.000000;0.000000;
"asf1_6";203147.517027;1836.817886;257.152786;-0.000000;-0.000000;1.000000;0.000000;
"asf1_6";203141.668268;1835.479230;257.019018;-0.000000;-0.000000;1.000000;0.000000;
"asf1_6";203159.220988;1839.466864;257.411155;-0.000000;-0.000000;1.000000;0.000000;
"asf1_6";203153.367860;1838.147452;257.247010;-0.000000;-0.000000;1.000000;0.000000;
"asf1_6";203165.079340;1840.762884;257.607090;-0.000000;-0.000000;1.000000;0.000000;
"asf1_6";203176.806022;1843.309396;257.849646;-0.000000;-0.000000;1.000000;0.000000;
"asf1_6";203170.941358;1842.042234;257.748135;-0.000000;-0.000000;1.000000;0.000000;
"asf1_6";203188.540154;1845.821389;258.049186;-0.000000;-0.000000;1.000000;0.000000;
"asf1_6";203182.672537;1844.567966;257.916746;-0.000000;-0.000000;1.000000;0.000000;
"asf1_6";203194.412413;1847.052823;258.351282;-0.000000;-0.000000;1.000000;0.000000;
"asf1_6";203206.179680;1849.404413;258.818119;-0.000000;-0.000000;1.000000;0.000000;
"asf1_6";203200.292905;1848.244298;258.698792;-0.000000;-0.000000;1.000000;0.000000;
"asf1_6";203217.939169;1851.793901;257.991172;-0.000000;-0.000000;1.000000;0.000000;
"asf1_6";203212.065096;1850.571386;258.514066;-0.000000;-0.000000;1.000000;0.000000;
"asf1_6";203229.678317;1854.281377;258.530449;-0.000000;-0.000000;1.000000;0.000000;
"asf1_6";203223.802304;1853.068097;258.036228;-0.000000;-0.000000;1.000000;0.000000;
"asf1_6";203235.562564;1855.454241;258.769589;-0.000000;-0.000000;1.000000;0.000000;
"asf1_6";203247.332751;1857.791454;258.595427;-0.000000;-0.000000;1.000000;0.000000;
"asf1_6";203241.448534;1856.618436;258.768838;-0.000000;-0.000000;1.000000;0.000000;
"asf1_6";203253.211556;1858.991254;258.312768;-0.000000;-0.000000;1.000000;0.000000;
"asf1_6";203259.083911;1860.222272;258.103741;-0.000000;-0.000000;1.000000;0.000000;
"asf1_6";203264.953816;1861.464936;258.078794;-0.000000;-0.000000;1.000000;0.000000;
"asf1_6";203276.704452;1863.898047;258.891832;-0.000000;-0.000000;1.000000;0.000000;
"asf1_6";203270.825098;1862.701067;258.301539;-0.000000;-0.000000;1.000000;0.000000;
"asf1_6";203288.517484;1866.003220;260.693440;-0.000000;-0.000000;1.000000;0.000000;
"asf1_6";203282.599787;1865.012913;259.895515;-0.000000;-0.000000;1.000000;0.000000;
"asf1_6";203294.441729;1866.953498;261.285494;-0.000000;-0.000000;1.000000;0.000000;
"asf1_6";203306.337191;1868.520568;264.595283;-0.000000;-0.000000;1.000000;0.000000;
"asf1_6";203300.378551;1867.821293;262.495277;-0.000000;-0.000000;1.000000;0.000000;
"asf1_6";203318.317213;1869.164669;89.327269;-0.000000;-0.000000;1.000000;0.000000;
"asf1_6";203312.321284;1868.951205;266.922468;-0.000000;-0.000000;1.000000;0.000000;
"asf1_6";203324.315193;1869.092067;-87.731079;-0.000000;-0.000000;1.000000;0.000000;
"asf1_6";203336.257214;1867.968622;-81.896302;-0.000000;-0.000000;1.000000;0.000000;
"asf1_6";203330.301290;1868.689817;-84.625697;-0.000000;-0.000000;1.000000;0.000000;
"asf1_6";203348.028466;1865.672694;-77.229613;-0.000000;-0.000000;1.000000;0.000000;
"asf1_6";203342.177766;1866.998761;-78.963236;-0.000000;-0.000000;1.000000;0.000000;
"asf1_6";203354.775576;1863.859410;-71.636598;-0.000000;-0.000000;1.000000;0.000000;
"asf1_6";203366.064387;1859.805459;-68.855359;-0.000000;-0.000000;1.000000;0.000000;
"asf1_6";203360.469931;1861.969190;-70.245979;-0.000000;-0.000000;1.000000;0.000000;
"asf1_6";203376.878811;1854.620374;118.348487;-0.000000;-0.000000;1.000000;0.000000;
"asf1_6";203387.347284;1848.757927;120.845957;-0.000000;-0.000000;1.000000;0.000000;
"asf1_6";203382.159145;1851.771440;119.249254;-0.000000;-0.000000;1.000000;0.000000;
"asf1_6";203392.460695;1845.619279;122.263243;-0.000000;-0.000000;1.000000;0.000000;
"asf1_6";203397.493463;1842.352885;123.761410;-0.000000;-0.000000;1.000000;0.000000;
"asf1_6";203402.435782;1838.951266;125.248046;-0.000000;-0.000000;1.000000;0.000000;
"asf1_6";203407.292431;1835.428159;126.599167;-0.000000;-0.000000;1.000000;0.000000;
"asf1_6";203416.718381;1828.005469;129.853713;-0.000000;-0.000000;1.000000;0.000000;
"asf1_6";203412.068752;1831.797413;128.219492;-0.000000;-0.000000;1.000000;0.000000;
"asf1_6";203421.280127;1824.108142;130.891140;-0.000000;-0.000000;1.000000;0.000000;
"asf1_6";203425.789539;1820.150239;131.451725;-0.000000;-0.000000;1.000000;0.000000;
"asf1_6";203439.203361;1808.147453;132.043386;-0.000000;-0.000000;1.000000;0.000000;
"asf1_6";203430.274231;1816.164331;131.737957;-0.000000;-0.000000;1.000000;0.000000;
"asf1_6";203434.743885;1812.161561;131.918580;-0.000000;-0.000000;1.000000;0.000000;
"asf1_6";203443.655535;1804.125248;132.134415;-0.000000;-0.000000;1.000000;0.000000;
"asf1_6";203448.102234;1800.096989;132.202637;-0.000000;-0.000000;1.000000;0.000000;
"asf1_6";203452.544818;1796.064193;132.254046;-0.000000;-0.000000;1.000000;0.000000;
"asf1_6";203456.984281;1792.027961;132.292608;-0.000000;-0.000000;1.000000;0.000000;
"asf1_6";203461.421432;1787.989188;132.320403;-0.000000;-0.000000;1.000000;0.000000;
"asf1_6";203465.856977;1783.948651;132.338730;-0.000000;-0.000000;1.000000;0.000000;
"asf1_6";203470.291544;1779.907040;132.348296;-0.000000;-0.000000;1.000000;0.000000;
"asf1_6";203474.725740;1775.865022;132.349063;-0.000000;-0.000000;1.000000;0.000000;
"asf1_6";203479.160198;1771.823293;132.340296;-0.000000;-0.000000;1.000000;0.000000;
"asf1_6";203483.595631;1767.782632;132.320412;-0.000000;-0.000000;1.000000;0.000000;
"asf1_6";203488.032893;1763.743981;132.286661;-0.000000;-0.000000;1.000000;0.000000;
"asf1_6";203492.473083;1759.708549;132.233950;-0.000000;-0.000000;1.000000;0.000000;
"asf1_6";203496.917769;1755.678070;132.152432;-0.000000;-0.000000;1.000000;0.000000;
"asf1_6";203505.832572;1747.645270;131.780385;-0.000000;-0.000000;1.000000;0.000000;
"asf1_6";203501.369422;1751.655289;132.020848;-0.000000;-0.000000;1.000000;0.000000;
"asf1_6";203514.864923;1739.745708;130.000454;-0.000000;-0.000000;1.000000;0.000000;
"asf1_6";203519.509320;1735.947301;129.277916;-0.000000;-0.000000;1.000000;0.000000;
"asf1_6";203510.317823;1743.660007;131.172460;-0.000000;-0.000000;1.000000;0.000000;
"asf1_6";203526.136135;1730.506152;179.512847;-0.000000;-0.000000;1.000000;0.000000;
"asf1_6";203533.647377;1724.323436;127.822319;-0.000000;-0.000000;1.000000;0.000000;
"asf1_6";203538.386619;1720.644346;127.252265;-0.000000;-0.000000;1.000000;0.000000;
"asf1_6";203543.198361;1717.060107;126.249502;-0.000000;-0.000000;1.000000;0.000000;
"asf1_6";203548.063638;1713.548991;125.130811;-0.000000;-0.000000;1.000000;0.000000;
"asf1_6";203558.089464;1706.960906;120.975076;-0.000000;-0.000000;1.000000;0.000000;
"asf1_6";203553.011475;1710.155447;123.309326;-0.000000;-0.000000;1.000000;0.000000;
"asf1_6";203563.297131;1703.981303;119.247214;-0.000000;-0.000000;1.000000;0.000000;
"asf1_6";203568.559058;1701.098321;118.403190;-0.000000;-0.000000;1.000000;0.000000;
"asf1_6";203573.852376;1698.273344;118.088279;-0.000000;-0.000000;1.000000;0.000000;
"asf1_6";203581.696835;1694.548506;114.026779;-0.000000;-0.000000;1.000000;0.000000;
"asf1_6";203587.176954;1692.105530;113.704795;-0.000000;-0.000000;1.000000;0.000000;
"asf1_6";203592.684126;1689.724325;112.842062;-0.000000;-0.000000;1.000000;0.000000;
"asf1_6";203598.235316;1687.447468;111.824854;-0.000000;-0.000000;1.000000;0.000000;
"asf1_6";203603.823415;1685.263319;110.105456;-0.000000;-0.000000;1.000000;0.000000;
"asf1_6";203609.500392;1683.323804;107.093435;-0.000000;-0.000000;1.000000;0.000000;
"asf1_6";203615.286247;1681.738329;103.925160;-0.000000;-0.000000;1.000000;0.000000;
"asf1_6";203627.028601;1679.270766;100.737864;-0.000000;-0.000000;1.000000;0.000000;
"asf1_6";203621.143106;1680.437110;101.867593;-0.000000;-0.000000;1.000000;0.000000;
"asf1_6";203632.932456;1678.201419;99.713291;-0.000000;-0.000000;1.000000;0.000000;
"asf1_6";203638.855827;1677.246277;98.475911;-0.000000;-0.000000;1.000000;0.000000;
"asf1_6";203644.800234;1676.432867;96.921769;-0.000000;-0.000000;1.000000;0.000000;
"asf1_6";203650.766563;1675.800328;95.250722;-0.000000;-0.000000;1.000000;0.000000;
"asf1_6";203656.748280;1675.334845;93.643286;-0.000000;-0.000000;1.000000;0.000000;
"asf1_6";203662.740711;1675.037895;91.985787;-0.000000;-0.000000;1.000000;0.000000;
"asf1_6";203668.739284;1674.919087;90.184910;-0.000000;-0.000000;1.000000;0.000000;
"asf1_6";203674.738439;1674.999174;88.304061;-0.000000;-0.000000;1.000000;0.000000;
"asf1_6";203680.731888;1675.274170;86.566766;-0.000000;-0.000000;1.000000;0.000000;
"asf1_6";203686.715299;1675.717704;84.940050;-0.000000;-0.000000;1.000000;0.000000;
"asf1_6";203692.683409;1676.332392;83.215027;-0.000000;-0.000000;1.000000;0.000000;
"asf1_6";203698.629282;1677.135193;81.795800;-0.000000;-0.000000;1.000000;0.000000;
"asf1_6";203704.559918;1678.044713;81.024170;-0.000000;-0.000000;1.000000;0.000000;
"asf1_6";203710.482131;1679.007375;80.375258;-0.000000;-0.000000;1.000000;0.000000;
"asf1_6";203716.390644;1680.050986;79.764193;-0.000000;-0.000000;1.000000;0.000000;
"asf1_6";203722.291027;1681.139750;79.472818;-0.000000;-0.000000;1.000000;0.000000;
"asf1_6";203728.188648;1682.243407;79.442828;-0.000000;-0.000000;1.000000;0.000000;
"asf1_6";203734.087892;1683.338348;79.561464;-0.000000;-0.000000;1.000000;0.000000;
"asf1_6";203739.990032;1684.417572;79.568998;-0.000000;-0.000000;1.000000;0.000000;
"asf1_6";203745.889565;1685.510962;79.466351;-0.000000;-0.000000;1.000000;0.000000;
"asf1_6";203751.787801;1686.611327;79.440553;-0.000000;-0.000000;1.000000;0.000000;
"asf1_6";203757.686348;1687.710029;79.494868;-0.000000;-0.000000;1.000000;0.000000;
"asf1_6";203763.586659;1688.799209;79.629432;-0.000000;-0.000000;1.000000;0.000000;
"asf1_6";203769.490297;1689.870192;79.861873;-0.000000;-0.000000;1.000000;0.000000;
"asf1_6";203775.399242;1690.911462;80.204135;-0.000000;-0.000000;1.000000;0.000000;
"asf1_6";203781.315250;1691.911837;80.475138;-0.000000;-0.000000;1.000000;0.000000;
"asf1_6";203787.233789;1692.897165;80.669393;-0.000000;-0.000000;1.000000;0.000000;
"asf1_6";203793.156443;1693.857402;81.032804;-0.000000;-0.000000;1.000000;0.000000;
"asf1_6";203799.086975;1694.767570;81.705367;-0.000000;-0.000000;1.000000;0.000000;
"asf1_6";203805.030449;1695.588497;82.913519;-0.000000;-0.000000;1.000000;0.000000;
"asf1_6";203810.993801;1696.247793;84.741912;-0.000000;-0.000000;1.000000;0.000000;
"asf1_6";203816.977336;1696.687962;86.385496;-0.000000;-0.000000;1.000000;0.000000;
"asf1_6";203822.968984;1697.004248;86.995283;-0.000000;-0.000000;1.000000;0.000000;
"asf1_6";203828.960739;1697.316975;88.359617;-0.000000;-0.000000;1.000000;0.000000;
"asf1_6";203834.959361;1697.347656;91.839871;-0.000000;-0.000000;1.000000;0.000000;
"asf1_6";203840.943962;1696.932028;95.087208;-0.000000;-0.000000;1.000000;0.000000;
"asf1_6";203846.908755;1696.283873;96.261197;-0.000000;-0.000000;1.000000;0.000000;
"asf1_6";203852.872232;1695.623311;95.989787;-0.000000;-0.000000;1.000000;0.000000;
"asf1_6";203858.842988;1695.031685;95.747801;-0.000000;-0.000000;1.000000;0.000000;
"asf1_6";203864.811860;1694.421517;96.198345;-0.000000;-0.000000;1.000000;0.000000;
"asf1_6";203870.772524;1693.736072;96.973530;-0.000000;-0.000000;1.000000;0.000000;
"asf1_6";203876.722667;1692.964639;97.748355;-0.000000;-0.000000;1.000000;0.000000;
"asf1_6";203882.662646;1692.118245;98.312325;-0.000000;-0.000000;1.000000;0.000000;
"asf1_6";203888.596500;1691.229825;98.630269;-0.000000;-0.000000;1.000000;0.000000;
"asf1_6";203894.526740;1690.317558;98.807869;-0.000000;-0.000000;1.000000;0.000000;
"asf1_6";203900.454979;1689.392368;98.895600;-0.000000;-0.000000;1.000000;0.000000;
"asf1_6";203906.382399;1688.461944;98.915945;-0.000000;-0.000000;1.000000;0.000000;
"asf1_6";203912.309980;1687.532544;98.877045;-0.000000;-0.000000;1.000000;0.000000;
"asf1_6";203918.238657;1686.610170;98.777449;-0.000000;-0.000000;1.000000;0.000000;
"asf1_6";203924.169431;1685.701383;98.605961;-0.000000;-0.000000;1.000000;0.000000;
"asf1_6";203930.103519;1684.814515;98.338148;-0.000000;-0.000000;1.000000;0.000000;
"asf1_6";203936.042520;1683.961213;98.003523;-0.000000;-0.000000;1.000000;0.000000;
"asf1_6";203941.986562;1683.143717;97.731383;-0.000000;-0.000000;1.000000;0.000000;
"asf1_6";203947.933410;1682.346869;97.568157;-0.000000;-0.000000;1.000000;0.000000;
"asf1_6";203953.882018;1681.563253;97.457406;-0.000000;-0.000000;1.000000;0.000000;
"asf1_6";203959.831904;1680.789400;97.374300;-0.000000;-0.000000;1.000000;0.000000;
"asf1_6";203965.782761;1680.023044;97.307696;-0.000000;-0.000000;1.000000;0.000000;
"asf1_6";203971.734431;1679.263027;97.250104;-0.000000;-0.000000;1.000000;0.000000;
"asf1_6";203977.686816;1678.508635;97.195636;-0.000000;-0.000000;1.000000;0.000000;
"asf1_6";203983.639920;1677.759935;97.168247;-0.000000;-0.000000;1.000000;0.000000;
"asf1_6";203990.838808;1676.932529;96.438531;-0.000000;-0.000000;1.000000;0.000000;
"asf1_6";203996.800964;1676.259705;96.438531;-0.000000;-0.000000;1.000000;0.000000;
"asf1_6";204002.763121;1675.586882;96.438531;-0.000000;-0.000000;1.000000;0.000000;
"asf1_6";204008.725277;1674.914059;96.438531;-0.000000;-0.000000;1.000000;0.000000;
"asf1_6";204014.687433;1674.241236;96.438531;-0.000000;-0.000000;1.000000;0.000000;
"asf1_6";204020.649590;1673.568412;96.438531;-0.000000;-0.000000;1.000000;0.000000;
"asf1_6";204026.611746;1672.895589;96.438531;-0.000000;-0.000000;1.000000;0.000000;
"asf1_6";204038.465713;1671.814876;93.999151;-0.000000;-0.000000;1.000000;0.000000;
"asf1_6";204036.072972;1672.427404;266.907841;-0.000000;-0.000000;1.000000;0.000000;
"asf1_6";204044.451103;1671.396426;93.999151;-0.000000;-0.000000;1.000000;0.000000;
"asf1_6";204048.055501;1673.074710;266.907841;-0.000000;-0.000000;1.000000;0.000000;
"asf1_6";204042.064237;1672.751057;266.907841;-0.000000;-0.000000;1.000000;0.000000;
"asf1_6";204050.436494;1670.977976;93.999151;-0.000000;-0.000000;1.000000;0.000000;
"asf1_6";204056.421884;1670.559526;93.999151;-0.000000;-0.000000;1.000000;0.000000;
"asf1_6";204054.046765;1673.398363;266.907841;-0.000000;-0.000000;1.000000;0.000000;
"asf1_6";204068.392665;1669.722625;93.999151;-0.000000;-0.000000;1.000000;0.000000;
"asf1_6";204062.407275;1670.141075;93.999151;-0.000000;-0.000000;1.000000;0.000000;
"asf1_6";204066.029294;1674.045669;266.907841;-0.000000;-0.000000;1.000000;0.000000;
"asf1_6";204060.038030;1673.722016;266.907841;-0.000000;-0.000000;1.000000;0.000000;
"asf1_6";204074.378056;1669.304175;93.999151;-0.000000;-0.000000;1.000000;0.000000;
"asf1_6";204078.011823;1674.692975;266.907841;-0.000000;-0.000000;1.000000;0.000000;
"asf1_6";204072.020558;1674.369322;266.907841;-0.000000;-0.000000;1.000000;0.000000;
"asf1_6";204080.363446;1668.885725;93.999151;-0.000000;-0.000000;1.000000;0.000000;
"asf1_6";204086.348837;1668.467275;93.999151;-0.000000;-0.000000;1.000000;0.000000;
"asf1_6";204089.994352;1675.340281;266.907841;-0.000000;-0.000000;1.000000;0.000000;
"asf1_6";204084.003087;1675.016628;266.907841;-0.000000;-0.000000;1.000000;0.000000;
"asf1_6";204094.387100;1668.034317;179.531740;-0.000000;-0.000000;1.000000;0.000000;
